%MEASUREMENT_RESULTS_4_21_05.M
%On 4-21 we used a light saber at Ben's house and on the mobile unit, both at 30', and
%all throughput measurements were udp, 23 locations, 

function [sig, sigvar, udp, udpvar, N, W, Nstat, Wstat] = measurement_results_4_21_05(dummy)

sig = [-25.0000
  -25.0000
  -25.0000
   -9.0000
   -8.5000
  -19.0000
  -20.0000
  -24.0000
  -24.0000
  -13.0000
  -25.0000
  -14.0000
  -23.0000
  -23.0000
  -26.0000
  -19.0000
  -12.0000
  -25.0000
  -26.0000
  -24.0000
  -25.0000
  -24.5000
  -13.5000];


sigvar = [0.5000
    0.5000
    1.0000
    1.0000
         0
    2.0000
    2.0000
    1.0000
    2.0000
    1.0000
    1.0000
    1.0000
    1.0000
    1.0000
    1.0000
    2.0000
    1.0000
    1.0000
    1.0000
    1.0000
    1.0000
    1.5000
         0];


udp = [800
         800
         400
        3384
        3400
        2400
        3000
         400
        2000
        3120
         320
        3120
         320
         160
          40
        2200
        3120
         800
          40
         280
         640
         560
        3360];


udpvar = [400
   400
   400
    40
    16
   240
    80
   160
   240
    80
    80
    80
   160
    80
    24
    80
    80
   400
    40
    80
   160
   160
    40];


N = [42.3500
   42.3460
   42.3890
   42.3870
   42.3840
   42.4260
   42.4300
   42.4300
   42.4310
   42.4270
   42.2220
   42.2200
   42.2260
   42.2230
   42.2240
   42.2210
   42.2220
   42.2240
   42.3920
   42.3900
   42.3870
   42.3850
   42.3840];


W = [16.8210
   16.8530
   16.8840
   16.9150
   16.9200
   16.9830
   16.9570
   16.9370
   16.8920
   16.8680
   16.8580
   16.8700
   16.9010
   16.9190
   16.9400
   16.9480
   16.9560
   16.9820
   17.1270
   17.1510
   17.1350
   17.1030
   17.0600];


Nstat = 42.3410;


Wstat = 16.9930;