%MEASUREMENT_RESULTS_5_10_05.M
%On 5-10 we used a baseball bat at Ben's house and on the mobile unit, both at 30', and
%all throughput measurements were udp, 20 locations, 

function [sig, sigvar, udp, udpvar, N, W, Nstat, Wstat] = measurement_results_5_10_05(dummy)

sig = [-15.0000
  -22.0000
  -15.0000
   -8.0000
  -20.5000
  -21.0000
  -16.0000
  -13.0000
  -18.0000
  -24.0000
  -23.0000
  -20.0000
  -10.0000
  -22.5000
  -14.0000
  -25.0000
  -26.5000
  -23.0000
  -20.0000
  -26.0000];


sigvar = [2.0000
    2.0000
    2.0000
    1.0000
    1.5000
    1.0000
    1.0000
    1.0000
    2.0000
    2.0000
    1.0000
    2.0000
    0.5000
    1.5000
    1.0000
    1.0000
    0.5000
    1.0000
    2.0000
    1.0000];


udp = [3040
         800
        3600
        4480
        2000
         400
        3200
        3600
        3040
        1600
        2000
         400
        4160
         480
        3600
         440
         400
         320
        1760
         400];


udpvar = [80
   400
   160
   160
   400
    80
   200
    80
   160
   160
   160
    80
    80
    80
    80
    80
    80
    80
   160
    80];


N = [42.3500
   42.3460
   42.3890
   42.3870
   42.4260
   42.4300
   42.4310
   42.4270
   42.2200
   42.2260
   42.2230
   42.2240
   42.2220
   42.2240
   42.3920
   42.3900
   42.3870
   42.3850
   42.3840
   42.3080];


W = [16.8210
   16.8530
   16.8840
   16.9150
   16.9830
   16.9370
   16.8920
   16.8680
   16.8700
   16.9010
   16.9190
   16.9400
   16.9560
   16.9820
   17.1270
   17.1510
   17.1350
   17.1030
   17.0600
   16.8600];


Nstat = 42.3410;


Wstat = 16.9930;